伞@丁	}L基	程蔼基	程C基	ΜL基	Θユq	А基[9]	А基[45]	А基[180]
101200	58.1	58.1	58.1	58.1	1	0	0	0
101500	58.1	58.1	58.1	58.1	1	0	0	0
101700	58.1	58.1	58.1	58.1	1	0	0	0
101900	58.1	58.1	58.1	58.1	2	0	0	0
102000	58.1	58.1	58.1	58.1	2	0	0	0
102100	58.1	58.1	58.1	58.1	7	0	0	0
102200	58.1	58.1	58.1	58.1	9	0	0	0
102300	58.1	58.1	58.1	58.1	1	0	0	0
102500	58.1	58.1	58.1	58.1	3	58.1	0	0
102600	58.1	58.1	58.1	58.1	3	58.1	0	0
102800	58.1	58.1	58.1	58.1	4	58.1	0	0
103000	58.1	58.1	58.1	58.1	1	58.1	0	0
103200	58.1	58.1	58.1	58.1	1	58.1	0	0
104000	58.1	58.1	58.1	58.1	1	58.1	0	0
104100	58.1	58.1	58.1	58.1	2	58.1	0	0
104300	58.1	58.1	58.1	58.1	2	58.1	0	0
104400	58.1	58.1	58.1	58.1	2	58.1	0	0
105000	58.1	58.1	58.1	58.1	1	58.1	0	0
105600	58.1	58.1	58.1	58.1	5	58.1	0	0
105700	58.1	58.1	58.1	58.1	6	58.1	0	0
110300	58.1	58.1	58.1	58.1	1	58.1	0	0
110800	58.1	58.1	58.1	58.1	1	58.1	0	0
110900	58.1	58.1	58.1	58.1	6	58.1	0	0
111600	58.1	58.1	58.1	58.1	2	58.1	0	0
111900	58.1	58.1	58.1	58.1	1	58.1	0	0
112000	58.1	58.1	58.1	58.1	1	58.1	0	0
112200	58.1	58.1	58.1	58.1	1	58.1	0	0
112600	58.1	58.1	58.1	58.1	1	58.1	0	0
113000	58.1	58.1	58.1	58.1	1	58.1	0	0
113300	58.1	58.1	58.1	58.1	1	58.1	0	0
114300	58.1	58.1	58.1	58.1	1	58.1	0	0
114600	58.1	58.1	58.1	58.1	2	58.1	0	0
115700	58.1	58.1	58.1	58.1	1	58.1	0	0
120500	58.1	58.1	58.1	58.1	1	58.1	0	0
121100	58.1	58.1	58.1	58.1	1	58.1	0	0
121300	58.1	58.1	58.1	58.1	1	58.1	0	0
121400	58.1	58.1	58.1	58.1	5	58.1	0	0
122500	58.1	58.1	58.1	58.1	1	58.1	0	0
122700	58.1	58.1	58.1	58.1	3	58.1	0	0
123900	58.1	58.1	58.1	58.1	1	58.1	0	0
124800	58.1	58.1	58.1	58.1	1	58.1	0	0
125100	58.1	58.1	58.1	58.1	10	58.1	0	0
125200	58.1	58.1	58.1	58.1	1	58.1	0	0
125400	58.1	58.1	58.1	58.1	1	58.1	0	0
125800	58.1	58.1	58.1	58.1	1	58.1	58.1	0
130600	58.1	58.1	58.1	58.1	1	58.1	58.1	0
130700	58.1	58.1	58.1	58.1	3	58.1	58.1	0
130800	58.1	58.1	58.1	58.1	2	58.1	58.1	0
130900	58.1	58.1	58.1	58.1	1	58.1	58.1	0
131600	58.1	58.1	58.1	58.1	1	58.1	58.1	0
132100	58.1	58.1	58.1	58.1	1	58.1	58.1	0
132200	58.1	58.1	58.1	58.1	1	58.1	58.1	0
133000	58.1	58.1	58.1	58.1	14	58.1	58.1	0
90000	59.1	59.2	59.1	59.2	476	58.22◆	58.13◆	0
90100	59.3	59.3	59.3	59.3	223	58.36◆	58.15◆	0
90200	59	59	58.2	58.5	319	58.40◆	58.16◆	0
90300	58.2	58.5	58.2	58.3	124	58.42◆	58.17◆	0
90400	58.1	58.1	57.1	57.1	200	58.31□	58.14□	0
90500	57.2	57.7	57.2	57.7	27	58.27□	58.13□	0
90600	58.1	58.1	58	58	62	58.26□	58.13□	0
90700	58.2	58.3	58	58	54	58.25□	58.13□	0
90800	58	58	57.9	57.9	76	58.22□	58.13□	0
90900	57.9	57.9	57.8	57.8	24	58.07□	58.12□	0
91000	57.8	57.8	57.7	57.7	32	57.89□	58.11□	0
91100	57.5	57.5	57.3	57.3	81	57.76□	58.09□	0
91200	57.4	57.5	57.4	57.5	22	57.67□	58.08□	0
91300	57.5	57.7	57.5	57.7	9	57.73◆	58.07□	0
91400	58	58	57.8	57.8	5	57.75◆	58.06□	0
91500	57.8	57.9	57.8	57.9	18	57.73□	58.06□	0
91600	57.9	57.9	57.8	57.9	15	57.72□	58.05□	0
91700	57.8	57.8	57.5	57.5	27	57.68□	58.04□	0
91800	57.5	57.5	57.5	57.5	22	57.65□	58.03□	0
91900	57.5	57.6	57.5	57.6	19	57.63□	58.02□	0
92000	57.6	57.7	57.6	57.7	7	57.68◆	58.01□	0
92100	57.7	57.8	57.6	57.8	9	57.71◆	58.00□	0
92200	57.8	58	57.8	58	14	57.75◆	58.00□	0
92300	57.9	58	57.9	58	8	57.77◆	58.00□	0
92400	58.1	58.4	58.1	58.4	149	57.82◆	58.00◆	0
92500	58.5	58.9	58.5	58.9	184	57.93◆	58.02◆	0
92600	58.9	58.9	58.7	58.7	126	58.07◆	58.03◆	0
92700	58.6	58.6	58.5	58.5	74	58.18◆	58.04◆	0
92800	58.5	58.5	58.5	58.5	110	58.28◆	58.05◆	0
92900	58.5	58.5	58.4	58.4	34	58.36◆	58.06◆	0
93000	58.4	58.4	58.4	58.4	30	58.42◆	58.07◆	0
93100	58.4	58.4	58.3	58.3	28	58.46◆	58.07◆	0
93200	58.3	58.4	58.3	58.4	6	58.50◆	58.08◆	0
93300	58.3	58.4	58.3	58.3	28	58.49□	58.08◆	0
93400	58.3	58.3	58.3	58.3	21	58.42□	58.09◆	0
93500	58.2	58.2	58	58	21	58.35□	58.08□	0
93600	58	58	58	58	24	58.29□	58.08□	0
93700	58.1	58.1	58.1	58.1	10	58.25□	58.08	0
93800	58.1	58.1	58.1	58.1	4	58.21□	58.08	0
93900	58.1	58.1	58	58	6	58.17□	58.08□	0
94000	58.2	58.3	58.2	58.2	7	58.16□	58.08◆	0
94100	58.3	58.3	58.3	58.3	11	58.15□	58.09◆	0
94200	58.4	58.4	58.3	58.4	7	58.16◆	58.09◆	0
94300	58.4	58.4	58.4	58.4	6	58.17◆	58.10◆	0
94400	58.4	58.4	58.4	58.4	6	58.21◆	58.11◆	0
94500	58.4	58.4	58.3	58.4	8	58.26◆	58.09□	0
94600	58.3	58.3	58.3	58.3	5	58.28◆	58.07□	0
94700	58.3	58.3	58.3	58.3	2	58.30◆	58.06□	0
94800	58.3	58.3	58.2	58.2	11	58.32◆	58.06□	0
94900	58.2	58.2	58.2	58.2	5	58.32	58.08◆	0
95000	58.2	58.2	58.1	58.1	24	58.30□	58.09◆	0
95100	58.1	58.1	58.1	58.1	10	58.27□	58.09◆	0
95200	58.1	58.1	58	58	3	58.22□	58.09	0
95300	58	58	58	58	14	58.18□	58.10◆	0
95400	57.9	58	57.9	58	15	58.13□	58.10◆	0
95500	58	58	58	58	5	58.10□	58.11◆	0
95600	58	58.1	58	58.1	20	58.08□	58.13◆	0
95700	58	58.1	58	58.1	11	58.07□	58.14◆	0
95800	58.1	58.1	58	58	10	58.05□	58.15◆	0
95900	58	58	58	58	2	58.03□	58.15◆	0
100000	58	58	58	58	4	58.02□	58.15◆	0
100100	58	58	58	58	17	58.02	58.15◆	0
100200	58	58.1	58	58.1	5	58.03◆	58.17◆	0
100300	58.1	58.1	58.1	58.1	3	58.05◆	58.18◆	0
100400	58.1	58.2	58.1	58.2	5	58.07◆	58.19◆	0
100500	58.1	58.1	58.1	58.1	14	58.07	58.20◆	0
100600	57.9	58.1	57.9	58.1	7	58.07	58.21◆	0
100700	58.1	58.1	58.1	58.1	20	58.08◆	58.21◆	0
100800	58.1	58.1	58.1	58.1	17	58.09◆	58.21◆	0
100900	58.1	58.1	58.1	58.1	4	58.10◆	58.21□	0
101000	58.1	58.1	58	58	9	58.1	58.19□	0
101100	58.1	58.1	58.1	58.1	4	58.1	58.17□	0
101200	58.1	58.1	58.1	58.1	1	58.1	58.17□	0
101300	58.1	58.2	58.1	58.2	5	58.1	58.16□	0
101400	58.1	58.2	58.1	58.2	11	58.11◆	58.15□	0
101500	58.3	58.3	58.3	58.3	1	58.13◆	58.15□	0
101600	58.3	58.3	58.3	58.3	7	58.16◆	58.15	0
101700	58.3	58.3	58.3	58.3	11	58.18◆	58.15□	0
101800	58.2	58.2	58.2	58.2	2	58.19◆	58.15□	0
101900	58.1	58.1	58.1	58.1	21	58.20◆	58.14□	0
102000	58.2	58.2	58.1	58.1	8	58.2	58.15◆	0
102100	58.2	58.2	58.2	58.2	7	58.21◆	58.15◆	0
102200	58.2	58.2	58.1	58.1	13	58.20□	58.15	0
102300	58.3	58.3	58.3	58.3	1	58.21◆	58.15◆	0
102500	58.2	58.2	58.2	58.2	1	58.20□	58.16◆	0
102600	58.1	58.1	58.1	58.1	2	58.18□	58.16□	0
102700	58.3	58.3	58.3	58.3	1	58.18	58.16	0
102800	58.1	58.1	58.1	58.1	3	58.17□	58.15□	0
102900	58.3	58.3	58.3	58.3	10	58.19◆	58.15□	0
103000	58.1	58.1	58.1	58.1	18	58.19	58.14□	0
103100	58.1	58.1	58.1	58.1	2	58.18□	58.13□	0
103200	58.1	58.1	58.1	58.1	5	58.18	58.13□	0
103300	58.2	58.2	58.2	58.2	1	58.17□	58.13□	0
103500	58.1	58.1	58.1	58.1	4	58.16□	58.13□	0
103600	58.1	58.1	58.1	58.1	4	58.16	58.12□	0
103700	58.2	58.2	58.2	58.2	2	58.15□	58.13◆	0
103800	58.1	58.1	58.1	58.1	14	58.15	58.13	0
103900	58	58	58	58	6	58.11□	58.13	0
104000	58.1	58.1	58.1	58.1	1	58.11	58.13◆	0
104100	58	58.1	58	58.1	10	58.11	58.13◆	0
104200	58.1	58.1	58	58.1	11	58.11	58.13◆	0
104300	58.1	58.1	58.1	58.1	3	58.10□	58.13	0
104500	58.2	58.2	58.1	58.2	9	58.11◆	58.13◆	0
104600	58.1	58.1	58.1	58.1	3	58.11	58.14◆	0
104700	58.1	58.1	58.1	58.1	7	58.10□	58.14◆	0
104800	58.1	58.2	58.1	58.2	9	58.11◆	58.14◆	0
104900	58.3	58.4	58.3	58.4	47	58.16◆	58.15◆	0
105000	58.5	58.7	58.5	58.7	89	58.22◆	58.17◆	0
105100	58.9	59	58.9	59	151	58.32◆	58.19◆	0
105200	59	59.1	59	59	86	58.42◆	58.20◆	0
105300	58.9	59	58.9	58.9	69	58.51◆	58.22◆	0
105400	59	59	58.9	59	26	58.60◆	58.24◆	0
105500	58.9	58.9	58.8	58.9	19	58.69◆	58.26◆	0
105600	58.9	58.9	58.9	58.9	8	58.78◆	58.28◆	0
105700	58.8	58.8	58.8	58.8	19	58.85◆	58.29◆	0
105800	58.8	58.9	58.8	58.9	13	58.90◆	58.31◆	0
105900	58.8	58.9	58.8	58.9	3	58.92◆	58.33◆	0
110000	58.9	58.9	58.9	58.9	1	58.91□	58.35◆	0
110100	58.9	58.9	58.9	58.9	14	58.90□	58.36◆	0
110200	58.9	58.9	58.9	58.9	11	58.9	58.38◆	0
110300	58.8	58.8	58.8	58.8	6	58.88□	58.39◆	0
110400	58.8	58.8	58.8	58.8	8	58.87□	58.40◆	0
110500	58.6	58.6	58.6	58.6	7	58.83□	58.41◆	0
110600	58.5	58.5	58.5	58.5	4	58.80□	58.41◆	0
110700	58.5	58.5	58.5	58.5	15	58.76□	58.42◆	0
110800	58.6	58.6	58.5	58.6	9	58.72□	58.43◆	0
110900	58.7	58.8	58.7	58.8	21	58.71□	58.45◆	58.19
111000	58.8	58.8	58.8	58.8	8	58.70□	58.46◆	58.20◆
111100	58.8	58.8	58.8	58.8	10	58.69□	58.47◆	58.20◆
111200	58.5	58.8	58.5	58.8	4	58.69	58.49◆	58.21◆
111300	58.8	58.8	58.8	58.8	1	58.69	58.50◆	58.21◆
111400	58.8	58.8	58.8	58.8	14	58.71◆	58.51◆	58.21◆
111500	58.6	58.6	58.6	58.6	1	58.72◆	58.53◆	58.22◆
111600	58.8	58.8	58.8	58.8	2	58.76◆	58.54◆	58.22◆
111700	58.7	58.7	58.7	58.7	2	58.77◆	58.55◆	58.22◆
111800	58.6	58.6	58.6	58.6	10	58.75□	58.56◆	58.23◆
111900	58.7	58.7	58.6	58.6	6	58.72□	58.57◆	58.23◆
112000	58.7	58.7	58.7	58.7	1	58.71□	58.58◆	58.23◆
112100	58.6	58.6	58.6	58.6	1	58.69□	58.59◆	58.24◆
112200	58.6	58.6	58.5	58.5	7	58.66□	58.60◆	58.24◆
112300	58.5	58.5	58.5	58.5	1	58.62□	58.61◆	58.24◆
112400	58.5	58.5	58.5	58.5	2	58.61□	58.62◆	58.24◆
112500	58.5	58.5	58.5	58.5	1	58.58□	58.63◆	58.24◆
112700	58.5	58.5	58.5	58.5	21	58.56□	58.64◆	58.25◆
112800	58.5	58.5	58.5	58.5	8	58.55□	58.65◆	58.25◆
112900	58.5	58.5	58.5	58.5	4	58.53□	58.66◆	58.25◆
113000	58.5	58.5	58.5	58.5	4	58.51□	58.67◆	58.25◆
113100	58.5	58.5	58.5	58.5	20	58.50□	58.67◆	58.26◆
113200	58.5	58.5	58.4	58.4	17	58.49□	58.68◆	58.26◆
113300	58.4	58.4	58.4	58.4	1	58.48□	58.69◆	58.26◆
113400	58.3	58.3	58.3	58.3	5	58.46□	58.69◆	58.26◆
113500	58.2	58.2	58.2	58.2	8	58.42□	58.68□	58.26◆
113600	58.2	58.2	58.2	58.2	7	58.39□	58.67□	58.26◆
113700	58.2	58.2	58.1	58.1	23	58.35□	58.65□	58.26
113800	58.1	58.2	58.1	58.2	17	58.31□	58.63□	58.26◆
113900	58.3	58.3	58.3	58.3	2	58.29□	58.62□	58.26◆
114000	58.3	58.3	58.3	58.3	2	58.27□	58.61□	58.26◆
114100	58.3	58.3	58.3	58.3	1	58.26□	58.59□	58.27◆
114200	58.2	58.2	58.2	58.2	1	58.23□	58.58□	58.27◆
114300	58.2	58.2	58.2	58.2	3	58.22□	58.56□	58.27◆
114400	58.1	58.1	58	58	19	58.20□	58.54□	58.27□
114500	58	58	58	58	4	58.18□	58.52□	58.27□
114700	58.1	58.3	58.1	58.3	4	58.20◆	58.51□	58.27◆
114900	58.3	58.4	58.3	58.3	4	58.21◆	58.50□	58.27◆
115200	58.3	58.3	58.2	58.2	3	58.20□	58.48□	58.27◆
115300	58.2	58.2	58.2	58.2	3	58.19□	58.47□	58.27◆
115400	58.2	58.3	58.2	58.3	3	58.19	58.46□	58.27◆
115500	58.3	58.3	58.2	58.2	5	58.19	58.45□	58.27◆
115600	58.2	58.2	58.2	58.2	2	58.19	58.44□	58.27◆
120100	58.3	58.3	58.3	58.3	2	58.22◆	58.44□	58.27◆
120400	58.2	58.2	58.2	58.2	7	58.25◆	58.43□	58.27◆
120500	58.1	58.1	58.1	58.1	22	58.22□	58.41□	58.27
120600	58.1	58.1	58.1	58.1	4	58.20□	58.40□	58.27
120800	58.1	58.1	58.1	58.1	1	58.19□	58.38□	58.27
120900	58.1	58.1	58.1	58.1	1	58.18□	58.37□	58.27
121000	58.3	58.3	58.3	58.3	4	58.18	58.35□	58.27◆
121100	58.3	58.3	58.3	58.3	3	58.19◆	58.34□	58.27◆
121200	58.3	58.3	58.2	58.2	18	58.19	58.33□	58.28◆
121300	58.2	58.2	58.1	58.1	11	58.17□	58.32□	58.28
121400	58.1	58.1	58.1	58.1	17	58.16□	58.31□	58.28
121500	58.1	58.1	58.1	58.1	9	58.16	58.29□	58.27□
121600	58.1	58.1	58.1	58.1	4	58.16	58.28□	58.26□
121700	58.1	58.1	58.1	58.1	6	58.16	58.27□	58.26□
121900	58.1	58.1	58.1	58.1	7	58.16	58.26□	58.26□
122000	58.1	58.1	58.1	58.1	3	58.13□	58.25□	58.26◆
122100	58.1	58.1	58.1	58.1	6	58.11□	58.24□	58.27◆
122200	58.1	58.1	58.1	58.1	3	58.10□	58.23□	58.27◆
122300	58.2	58.2	58.2	58.2	3	58.11◆	58.23□	58.27◆
122400	58.1	58.1	58	58	29	58.10□	58.21□	58.27◆
122500	58	58	58	58	12	58.09□	58.20□	58.27◆
122600	58.1	58.1	58	58	6	58.08□	58.19□	58.27◆
122700	58.1	58.1	58	58	3	58.07□	58.18□	58.28◆
122800	58	58.1	58	58.1	26	58.07	58.17□	58.28◆
122900	58	58.1	58	58.1	13	58.07	58.17□	58.28◆
123100	58.1	58.1	58	58	2	58.06□	58.16□	58.28◆
123200	58	58	58	58	9	58.05□	58.15□	58.28◆
123300	58	58	58	58	5	58.02□	58.15□	58.28◆
123400	58	58	58	58	35	58.02	58.14□	58.29◆
123500	57.9	58	57.8	57.8	12	58.00□	58.13□	58.29◆
123600	57.8	57.8	57.8	57.8	2	57.98□	58.13□	58.29◆
123700	57.8	57.8	57.8	57.8	15	57.96□	58.11□	58.29◆
123800	57.8	57.8	57.7	57.7	8	57.91□	58.10□	58.29□
123900	57.6	57.8	57.6	57.8	8	57.88□	58.09□	58.29□
124000	57.6	57.6	57.6	57.6	7	57.83□	58.08□	58.29□
124100	57.6	57.6	57.6	57.6	8	57.79□	58.06□	58.28□
124200	57.6	57.6	57.6	57.6	14	57.75□	58.05□	58.27□
124300	57.6	57.6	57.6	57.6	26	57.70□	58.05□	58.27□
124400	57.7	57.7	57.7	57.7	3	57.69□	58.03□	58.26□
124500	57.8	57.8	57.8	57.8	3	57.69	58.02□	58.26□
124600	57.7	57.7	57.7	57.7	4	57.68□	58.01□	58.26□
124700	57.6	57.6	57.5	57.5	19	57.66□	57.99□	58.25□
124800	57.6	57.6	57.6	57.6	3	57.63□	57.98□	58.25□
124900	57.7	57.7	57.7	57.7	7	57.65◆	57.97□	58.24□
125000	57.6	57.6	57.6	57.6	20	57.65	57.95□	58.24□
125100	57.8	58	57.8	58	3	57.69◆	57.95□	58.24□
125200	57.6	57.6	57.6	57.6	2	57.69	57.93□	58.24□
125300	57.9	57.9	57.9	57.9	2	57.71◆	57.93□	58.23□
125600	57.9	57.9	57.9	57.9	5	57.72◆	57.93□	58.23□
125700	57.9	57.9	57.9	57.9	4	57.75◆	57.92□	58.23□
125800	57.7	57.7	57.7	57.7	1	57.77◆	57.91□	58.23□
125900	57.8	57.8	57.8	57.8	1	57.79◆	57.90□	58.23□
130000	57.8	57.8	57.8	57.8	1	57.80◆	57.89□	58.23□
130100	57.7	57.7	57.7	57.7	1	57.81◆	57.88□	58.22□
130200	57.7	57.7	57.7	57.7	11	57.78□	57.87□	58.22□
130300	57.7	57.7	57.7	57.7	9	57.79◆	57.86□	58.21□
130400	57.6	57.7	57.6	57.7	14	57.77□	57.85□	58.21□
130500	57.7	57.7	57.7	57.7	5	57.75□	57.84□	58.21□
130600	57.6	57.6	57.5	57.5	24	57.70□	57.83□	58.20□
130700	57.5	57.5	57.5	57.5	4	57.68□	57.82□	58.20□
130800	57.6	57.6	57.6	57.6	3	57.66□	57.81□	58.20□
130900	57.6	57.6	57.6	57.6	5	57.63□	57.79□	58.19□
131000	57.6	57.6	57.6	57.6	25	57.62□	57.78□	58.19□
131100	57.5	57.5	57.5	57.5	12	57.60□	57.77□	58.19□
131200	57.5	57.5	57.5	57.5	8	57.58□	57.76□	58.18□
131300	57.5	57.5	57.5	57.5	6	57.56□	57.75□	58.18□
131400	57.5	57.5	57.5	57.5	11	57.53□	57.73□	58.18□
131500	57.5	57.6	57.5	57.6	6	57.55◆	57.73□	58.18□
131600	57.5	57.5	57.5	57.5	17	57.55	57.71□	58.17□
131700	57.7	57.7	57.6	57.6	4	57.55	57.70□	58.17□
131800	57.5	57.6	57.5	57.6	6	57.55	57.69□	58.17□
131900	57.6	57.7	57.6	57.7	4	57.56◆	57.69□	58.17□
132000	57.7	57.8	57.7	57.8	3	57.59◆	57.68□	58.17□
132100	57.7	57.7	57.7	57.7	8	57.61◆	57.67□	58.16□
132200	57.6	57.7	57.6	57.7	11	57.63◆	57.67□	58.16□
132300	57.7	57.7	57.7	57.7	12	57.66◆	57.67□	58.16□
132400	57.7	57.8	57.6	57.8	15	57.68◆	57.67	58.16□
133000	57.5	57.5	57.5	57.5	122	57.68	57.67□	58.15□
